0.0_t	0.0_f	0.0_t	0.0_f	0.0_t	0.0_f	
0.00000	2091.4850	0.00000	2075.6070	0.00000	2067.2860	
0.07452	2088.1060	0.07452	2067.3390	0.07452	2067.4820	
0.14903	2090.7790	0.14903	2068.0640	0.14903	2073.0170	
0.22355	2081.4210	0.22355	2073.5650	0.22355	2072.1350	
0.29806	2093.0980	0.29806	2075.5530	0.29806	2068.7700	
0.37258	2084.0730	0.37258	2075.2670	0.37258	2067.7690	
0.44709	2083.5910	0.44709	2070.3730	0.44709	2066.2640	
0.52161	2086.7200	0.52161	2068.4120	0.52161	2075.5380	
0.59612	2094.3460	0.59612	2076.0420	0.59612	2068.1380	
0.67064	2088.6870	0.67064	2075.8840	0.67064	2072.0240	
0.74516	2095.6490	0.74516	2067.6200	0.74516	2068.0670	
0.81967	2085.0330	0.81967	2069.3900	0.81967	2077.6690	
0.89419	2084.9170	0.89419	2070.7670	0.89419	2066.5260	
0.96870	2076.0150	0.96870	2070.0720	0.96870	2068.6570	
1.04322	2082.9770	1.04322	2073.6010	1.04322	2066.1150	
1.11773	2083.7310	1.11773	2074.6470	1.11773	2071.3000	
1.19225	2085.5840	1.19225	2073.7530	1.19225	2068.1260	
1.26677	2081.2240	1.26677	2069.7500	1.26677	2067.0680	
1.34128	2084.3000	1.34128	2070.8620	1.34128	2073.9290	
1.41580	2086.2340	1.41580	2070.3460	1.41580	2065.6050	
1.49031	2083.0120	1.49031	2073.6460	1.49031	2073.8420	
1.56483	2078.6110	1.56483	2078.4500	1.56483	2070.1920	
1.63934	2078.6020	1.63934	2066.5560	1.63934	2066.7640	
1.71386	2083.1760	1.71386	2078.2020	1.71386	2063.7090	
1.78837	2078.4470	1.78837	2072.1320	1.78837	2067.0470	
1.86289	2085.2180	1.86289	2075.4550	1.86289	2069.3120	
1.93741	2081.7130	1.93741	2071.8310	1.93741	2061.6290	
2.01192	2073.4760	2.01192	2071.2020	2.01192	2063.0450	
2.08644	2084.4220	2.08644	2074.0660	2.08644	2065.8400	
2.16095	2081.3410	2.16095	2066.9190	2.16095	2071.6880	
2.23547	2074.5010	2.23547	2069.8070	2.23547	2071.3240	
2.30998	2081.3970	2.30998	2074.7420	2.30998	2065.6880	
2.38450	2083.7810	2.38450	2076.6350	2.38450	2068.9100	
2.45901	2082.5830	2.45901	2071.5270	2.45901	2063.4590	
2.53353	2072.4180	2.53353	2067.3390	2.53353	2060.7260	
2.60805	2079.8410	2.60805	2067.9710	2.60805	2073.9410	
2.68256	2076.7570	2.68256	2069.5240	2.68256	2062.7200	
2.75708	2077.1620	2.75708	2059.2150	2.75708	2070.5700	
2.83159	2076.3840	2.83159	2071.6640	2.83159	2067.5750	
2.90611	2080.0200	2.90611	2070.4030	2.90611	2062.0050	
2.98062	2075.6810	2.98062	2074.0210	2.98062	2059.9990	
3.05514	2081.0870	3.05514	2069.6940	3.05514	2067.8400	
3.12966	2082.8600	3.12966	2063.6110	3.12966	2060.1870	
3.20417	2078.9240	3.20417	2069.8100	3.20417	2061.1940	
3.27869	2073.5090	3.27869	2069.9080	3.27869	2054.9680	
3.35320	2074.9210	3.35320	2074.2800	3.35320	2064.7650	
3.42772	2080.7920	3.42772	2067.9320	3.42772	2052.3010	
3.50223	2073.9110	3.50223	2076.5660	3.50223	2057.9960	
3.57675	2071.7470	3.57675	2077.1440	3.57675	2070.3410	
3.65126	2082.0860	3.65126	2066.8660	3.65126	2064.6540	
3.72578	2074.4260	3.72578	2066.8330	3.72578	2057.3850	
3.80030	2073.9760	3.80030	2060.2350	3.80030	2060.9170	
3.87481	2072.9210	3.87481	2064.5830	3.87481	2066.2310	
3.94933	2074.3100	3.94933	2070.4750	3.94933	2068.8500	
4.02384	2078.5060	4.02384	2066.0100	4.02384	2071.8990	
4.09836	2077.2340	4.09836	2067.2950	4.09836	2062.1870	
4.17287	2072.4980	4.17287	2069.3060	4.17287	2067.5360	
4.24739	2076.7000	4.24739	2069.0290	4.24739	2067.9860	
4.32190	2073.8480	4.32190	2068.0870	4.32190	2067.2200	
4.39642	2077.3860	4.39642	2070.5190	4.39642	2063.1700	
4.47094	2080.3090	4.47094	2075.8180	4.47094	2065.1520	
4.54545	2080.7090	4.54545	2066.2640	4.54545	2063.6890	
4.61997	2066.8210	4.61997	2078.7570	4.61997	2063.7240	
4.69448	2074.5490	4.69448	2066.7050	4.69448	2057.2420	
4.76900	2069.8790	4.76900	2071.4190	4.76900	2062.4070	
4.84351	2073.0320	4.84351	2072.3820	4.84351	2063.7690	
4.91803	2079.8300	4.91803	2063.2090	4.91803	2072.2210	
4.99255	2078.7090	4.99255	2074.3250	4.99255	2073.0820	
5.06706	2080.8250	5.06706	2067.7420	5.06706	2064.7620	
5.14158	2080.1070	5.14158	2068.3620	5.14158	2066.9340	
5.21609	2078.4880	5.21609	2072.5610	5.21609	2073.9320	
5.29061	2070.0750	5.29061	2068.8380	5.29061	2069.6550	
5.36512	2074.2000	5.36512	2070.9070	5.36512	2066.2900	
5.43964	2073.9110	5.43964	2069.2080	5.43964	2055.8270	
5.51415	2070.4840	5.51415	2070.6590	5.51415	2058.8820	
5.58867	2067.3100	5.58867	2065.6730	5.58867	2048.7250	
5.66319	2050.2920	5.66319	2055.7310	5.66319	2032.7150	
5.73770	2035.8000	5.73770	2038.6760	5.73770	2024.4450	
5.81222	2030.4980	5.81222	2026.1790	5.81222	2026.0240	
5.88673	2031.3800	5.88673	2028.2060	5.88673	2015.5160	
5.96125	2020.4160	5.96125	2016.8190	5.96125	2009.2400	
6.03576	2018.0940	6.03576	2014.1690	6.03576	2010.0000	
6.11028	2016.6340	6.11028	2003.8990	6.11028	2007.9670	
6.18479	2010.5900	6.18479	2004.8920	6.18479	1999.2830	
6.25931	2010.0830	6.25931	2007.6300	6.25931	1988.5420	
6.33383	2005.1870	6.33383	2006.9750	6.33383	1994.7170	
6.40834	1998.4330	6.40834	2008.1790	6.40834	1986.7420	
6.48286	1994.8990	6.48286	1998.3080	6.48286	1990.3030	
6.55737	1997.0510	6.55737	1999.3480	6.55737	1987.0400	
6.63189	1996.2910	6.63189	1989.4120	6.63189	1985.5470	
6.70640	1995.8260	6.70640	1980.9510	6.70640	1979.1630	
6.78092	1990.3450	6.78092	1982.2450	6.78092	1980.1320	
6.85544	1987.7820	6.85544	1980.9780	6.85544	1984.6530	
6.92995	1979.5270	6.92995	1980.5730	6.92995	1979.5090	
7.00447	1975.6500	7.00447	1982.9270	7.00447	1974.9610	
7.07898	1981.1480	7.07898	1978.2810	7.07898	1969.4240	
7.15350	1977.1810	7.15350	1974.3410	7.15350	1977.3780	
7.22801	1977.7860	7.22801	1974.9700	7.22801	1965.4100	
7.30253	1970.2050	7.30253	1975.2170	7.30253	1972.3800	
7.37704	1970.0860	7.37704	1962.4980	7.37704	1967.2720	
7.45156	1970.1180	7.45156	1962.5130	7.45156	1963.7790	
7.52608	1974.4990	7.52608	1970.9470	7.52608	1957.0290	
7.60059	1971.7250	7.60059	1964.7540	7.60059	1956.4510	
7.67511	1966.6880	7.67511	1959.1570	7.67511	1957.3930	
7.74962	1967.1290	7.74962	1958.0100	7.74962	1958.6560	
7.82414	1964.0060	7.82414	1952.8360	7.82414	1952.5500	
7.89865	1958.2510	7.89865	1954.2100	7.89865	1955.4530	
7.97317	1959.2050	7.97317	1957.2910	7.97317	1951.8350	
8.04768	1959.3950	8.04768	1953.6700	8.04768	1952.1860	
8.12220	1952.7260	8.12220	1960.2210	8.12220	1942.1960	
8.19672	1957.9560	8.19672	1959.7230	8.19672	1950.5200	
8.27123	1961.0400	8.27123	1953.4560	8.27123	1945.2690	
8.34575	1961.7170	8.34575	1950.9350	8.34575	1947.0990	
8.42026	1945.6620	8.42026	1953.6530	8.42026	1952.4430	
8.49478	1958.2600	8.49478	1944.2740	8.49478	1949.1700	
8.56929	1947.5580	8.56929	1950.8480	8.56929	1940.6940	
8.64381	1949.4470	8.64381	1947.4240	8.64381	1943.3950	
8.71833	1941.2310	8.71833	1942.3870	8.71833	1938.6380	
8.79284	1957.1100	8.79284	1935.3540	8.79284	1944.1370	
8.86736	1950.4130	8.86736	1947.5280	8.86736	1942.0090	
8.94187	1945.1500	8.94187	1936.4680	8.94187	1940.6170	
9.01639	1952.0670	9.01639	1934.6950	9.01639	1943.8000	
9.09090	1939.2100	9.09090	1936.3970	9.09090	1931.0680	
9.16542	1941.8870	9.16542	1942.9890	9.16542	1936.8080	
9.23993	1941.8060	9.23993	1940.9870	9.23993	1936.6620	
9.31445	1942.3190	9.31445	1938.9360	9.31445	1926.2340	
9.38897	1940.7090	9.38897	1932.1650	9.38897	1933.4470	
9.46348	1944.3090	9.46348	1933.7530	9.46348	1928.0020	
9.53800	1937.2880	9.53800	1932.9070	9.53800	1930.0580	
9.61251	1926.5770	9.61251	1930.4630	9.61251	1930.5530	
9.68703	1930.0370	9.68703	1929.6970	9.68703	1924.8930	
9.76154	1945.0750	9.76154	1925.2510	9.76154	1921.2600	
9.83606	1936.1560	9.83606	1935.7740	9.83606	1933.1250	
9.91057	1937.6720	9.91057	1926.3630	9.91057	1931.5870	
9.98509	1938.4500	9.98509	1928.8360	9.98509	1922.2170	
10.05961	1934.4900	10.05961	1924.0470	10.05961	1923.5220	
10.13412	1928.3150	10.13412	1927.9870	10.13412	1921.3650	
10.20864	1931.2770	10.20864	1921.4990	10.20864	1923.7700	
10.28315	1932.0670	10.28315	1918.3990	10.28315	1924.2910	
10.35767	1924.6850	10.35767	1922.0350	10.35767	1920.4620	
10.43218	1935.5300	10.43218	1925.7190	10.43218	1915.6720	
10.50670	1922.5840	10.50670	1928.2460	10.50670	1921.8680	
10.58122	1920.4500	10.58122	1916.4150	10.58122	1925.0630	
10.65573	1930.7460	10.65573	1915.1900	10.65573	1914.0210	
10.73025	1918.6260	10.73025	1921.1050	10.73025	1910.1860	
10.80476	1927.1370	10.80476	1916.7810	10.80476	1921.0550	
10.87928	1924.7800	10.87928	1919.2460	10.87928	1915.8150	
10.95379	1925.4450	10.95379	1917.8060	10.95379	1911.5450	
11.02831	1920.0710	11.02831	1924.7380	11.02831	1920.3810	
11.10282	1917.7050	11.10282	1916.4890	11.10282	1910.4840	
11.17734	1920.1130	11.17734	1922.0590	11.17734	1915.1630	
11.25186	1923.1920	11.25186	1920.1340	11.25186	1917.5230	
11.32637	1930.2250	11.32637	1912.4950	11.32637	1908.7310	
11.40089	1921.2070	11.40089	1916.7070	11.40089	1911.5780	
11.47540	1916.4890	11.47540	1918.9800	11.47540	1911.8460	
11.54992	1916.0510	11.54992	1917.4310	11.54992	1905.1610	
11.62443	1911.9890	11.62443	1912.5370	11.62443	1913.5560	
11.69895	1918.5720	11.69895	1909.6850	11.69895	1915.3920	
11.77346	1918.7960	11.77346	1909.2860	11.77346	1903.3220	
11.84798	1920.7270	11.84798	1911.3630	11.84798	1908.6630	
11.92250	1914.3280	11.92250	1912.0840	11.92250	1906.1600	
11.99701	1914.9510	11.99701	1910.6890	11.99701	1904.2940	
12.07153	1904.7980	12.07153	1909.3010	12.07153	1911.3780	
12.14604	1912.6530	12.14604	1912.1140	12.14604	1901.6740	
12.22056	1912.9280	12.22056	1903.3340	12.22056	1914.0270	
12.29507	1906.9790	12.29507	1905.2740	12.29507	1893.6930	
12.36959	1914.1700	12.36959	1905.0360	12.36959	1903.8020	
12.44411	1909.8640	12.44411	1905.2890	12.44411	1902.6640	
12.51862	1905.0720	12.51862	1905.3100	12.51862	1903.4210	
12.59314	1909.5660	12.59314	1903.6650	12.59314	1904.1840	
12.66765	1916.1430	12.66765	1902.4370	12.66765	1899.7760	
12.74217	1905.6950	12.74217	1905.4380	12.74217	1895.9400	
12.81668	1908.9070	12.81668	1898.6670	12.81668	1890.8590	
12.89120	1905.5280	12.89120	1904.5830	12.89120	1896.3990	
12.96571	1903.4860	12.96571	1907.1640	12.96571	1895.6450	
13.04023	1908.3170	13.04023	1904.1210	13.04023	1901.2600	
13.11475	1899.6150	13.11475	1895.7970	13.11475	1893.5560	
13.18926	1910.4600	13.18926	1897.6960	13.18926	1899.0870	
13.26378	1903.1470	13.26378	1896.0710	13.26378	1904.5650	
13.33829	1907.2710	13.33829	1902.2170	13.33829	1885.5360	
13.41281	1902.9740	13.41281	1894.1820	13.41281	1892.2180	
13.48732	1897.1500	13.48732	1900.4110	13.48732	1894.4590	
13.56184	1906.9940	13.56184	1900.2910	13.56184	1895.9020	
13.63635	1908.4450	13.63635	1892.2420	13.63635	1896.3960	
13.71087	1900.2200	13.71087	1896.4500	13.71087	1891.8250	
13.78539	1898.5960	13.78539	1895.6900	13.78539	1892.2210	
13.85990	1899.0870	13.85990	1902.5860	13.85990	1894.8880	
13.93442	1903.0090	13.93442	1900.2530	13.93442	1892.3820	
14.00893	1904.8270	14.00893	1890.6530	14.00893	1901.2090	
14.08345	1905.2210	14.08345	1893.8870	14.08345	1887.6370	
14.15796	1895.5380	14.15796	1897.5760	14.15796	1893.9550	
14.23248	1897.5530	14.23248	1891.0170	14.23248	1893.1090	
14.30700	1899.2720	14.30700	1896.6820	14.30700	1886.6270	
14.38151	1897.5530	14.38151	1890.6380	14.38151	1892.6200	
14.45603	1899.9340	14.45603	1892.4270	14.45603	1894.2360	
14.53054	1897.0340	14.53054	1890.9250	14.53054	1896.3630	
14.60506	1901.6330	14.60506	1897.4990	14.60506	1888.9190	
14.67957	1889.8400	14.67957	1887.8100	14.67957	1893.3450	
14.75409	1893.4970	14.75409	1888.6360	14.75409	1891.5800	
14.82860	1894.1910	14.82860	1892.7510	14.82860	1896.2590	
14.90312	1901.2090	14.90312	1888.9010	14.90312	1891.8250	
14.97764	1895.4310	14.97764	1891.8040	14.97764	1889.8870	
15.05215	1889.6940	15.05215	1896.9860	15.05215	1892.1350	
15.12667	1897.5680	15.12667	1890.7430	15.12667	1887.1040	
15.20118	1893.6840	15.20118	1893.6600	15.20118	1882.9080	
15.27570	1895.8120	15.27570	1898.3450	15.27570	1889.0020	
15.35021	1897.5080	15.35021	1887.2590	15.35021	1885.4080	
15.42473	1903.2030	15.42473	1885.4170	15.42473	1890.1320	
15.49924	1896.8160	15.49924	1889.8580	15.49924	1881.8080	
15.57376	1896.7960	15.57376	1891.2640	15.57376	1881.9450	
15.64828	1892.7010	15.64828	1885.5600	15.64828	1885.6790	
15.72279	1882.9910	15.72279	1882.6070	15.72279	1885.9030	
15.79731	1891.7080	15.79731	1884.7790	15.79731	1888.2160	
15.87182	1886.6900	15.87182	1892.1230	15.87182	1884.1420	
15.94634	1892.0270	15.94634	1886.4720	15.94634	1886.3890	
16.02085	1886.8420	16.02085	1886.7580	16.02085	1886.2690	
16.09537	1893.0290	16.09537	1880.1690	16.09537	1882.0230	
16.16989	1890.0480	16.16989	1888.7610	16.16989	1887.9890	
16.24440	1896.6320	16.24440	1885.8310	16.24440	1885.2170	
16.31892	1888.1080	16.31892	1886.6330	16.31892	1890.0900	
16.39343	1890.2360	16.39343	1889.1900	16.39343	1874.7210	
16.46795	1886.9280	16.46795	1889.3030	16.46795	1877.3670	
16.54246	1892.6530	16.54246	1883.1970	16.54246	1884.2970	
16.61698	1889.7620	16.61698	1889.0140	16.61698	1880.2940	
16.69149	1890.1740	16.69149	1887.8580	16.69149	1881.6740	
16.76601	1897.4180	16.76601	1883.8260	16.76601	1874.5600	
16.84053	1889.0050	16.84053	1882.5710	16.84053	1881.0780	
16.91504	1883.4260	16.91504	1884.7670	16.91504	1885.5900	
16.98956	1892.2180	16.98956	1881.4980	16.98956	1874.2110	
17.06407	1889.3750	17.06407	1883.1730	17.06407	1877.5580	
17.13859	1883.1400	17.13859	1888.3500	17.13859	1874.1070	
17.21310	1883.5720	17.21310	1881.9030	17.21310	1880.4610	
17.28762	1889.3150	17.28762	1881.1020	17.28762	1878.1570	
17.36213	1882.2370	17.36213	1878.0620	17.36213	1875.8510	
17.43665	1890.2000	17.43665	1884.2370	17.43665	1874.0770	
17.51117	1884.8990	17.51117	1879.8080	17.51117	1878.6010	
17.58568	1881.4150	17.58568	1881.3820	17.58568	1880.6820	
17.66020	1886.7790	17.66020	1881.4410	17.66020	1881.0510	
17.73471	1884.4870	17.73471	1883.7540	17.73471	1871.8960	
17.80923	1884.1920	17.80923	1879.1500	17.80923	1872.9900	
17.88374	1888.6480	17.88374	1885.4470	17.88374	1875.4300	
17.95826	1886.1170	17.95826	1883.2000	17.95826	1870.9210	
18.03278	1887.5120	18.03278	1879.0480	18.03278	1879.5490	
18.10729	1881.5280	18.10729	1882.9910	18.10729	1878.0800	
18.18181	1882.3440	18.18181	1879.1970	18.18181	1875.2570	
18.25632	1881.1170	18.25632	1881.2750	18.25632	1872.5040	
18.33084	1885.8100	18.33084	1886.6870	18.33084	1872.1550	
18.40535	1883.5630	18.40535	1870.3490	18.40535	1879.6680	
18.47987	1890.0100	18.47987	1878.2470	18.47987	1871.9380	
18.55438	1883.5250	18.55438	1878.3930	18.55438	1878.7740	
18.62890	1883.3100	18.62890	1876.5870	18.62890	1871.9170	
18.70342	1879.9720	18.70342	1875.2040	18.70342	1877.1350	
18.77793	1886.2720	18.77793	1882.2580	18.77793	1871.9200	
18.85245	1882.1810	18.85245	1869.8570	18.85245	1873.5290	
18.92696	1874.6020	18.92696	1881.5700	18.92696	1871.4820	
19.00148	1883.7870	19.00148	1879.2600	19.00148	1871.6840	
19.07599	1885.9570	19.07599	1871.2430	19.07599	1875.1560	
19.15051	1881.1140	19.15051	1883.7120	19.15051	1867.9230	
19.22502	1888.3380	19.22502	1880.1630	19.22502	1867.1690	
19.29954	1876.1070	19.29954	1879.8050	19.29954	1879.0010	
19.37406	1882.6010	19.37406	1876.7270	19.37406	1866.3790	
19.44857	1879.6650	19.44857	1875.6330	19.44857	1876.5780	
19.52309	1879.1530	19.52309	1876.1580	19.52309	1877.3970	
19.59760	1880.3120	19.59760	1875.3770	19.59760	1872.4200	
19.67212	1879.4630	19.67212	1873.0730	19.67212	1874.3310	
19.74663	1876.1870	19.74663	1882.8270	19.74663	1880.0820	
19.82115	1883.4200	19.82115	1881.2000	19.82115	1880.2700	
19.89567	1876.1010	19.89567	1877.4660	19.89567	1873.6390	
19.97018	1876.1750	19.97018	1874.1880	19.97018	1871.4190	
20.04470	1874.4380	20.04470	1881.2060	20.04470	1874.2830	
20.11921	1876.3780	20.11921	1874.4260	20.11921	1877.9930	
20.19373	1875.4990	20.19373	1872.6830	20.19373	1870.8290	
20.26824	1878.9470	20.26824	1873.7320	20.26824	1870.4860	
20.34276	1875.5610	20.34276	1873.5800	20.34276	1876.6670	
20.41727	1875.8740	20.41727	1878.6520	20.41727	1872.6650	
20.49179	1880.8600	20.49179	1887.8910	20.49179	1872.6970	
20.56631	1883.5340	20.56631	1872.9120	20.56631	1876.7060	
20.64082	1879.2780	20.64082	1878.2170	20.64082	1873.4480	
20.71534	1879.8710	20.71534	1875.8030	20.71534	1875.4630	
20.78985	1877.9460	20.78985	1879.2150	20.78985	1882.1510	
20.86437	1882.8510	20.86437	1868.4390	20.86437	1871.8600	
20.93888	1871.4730	20.93888	1874.0240	20.93888	1873.8000	
21.01340	1881.6530	21.01340	1876.6970	21.01340	1864.1050	
21.08791	1873.7440	21.08791	1874.7330	21.08791	1865.6880	
21.16243	1877.6600	21.16243	1878.3630	21.16243	1870.3400	
21.23695	1882.5050	21.23695	1874.5150	21.23695	1865.1720	
21.31146	1876.8340	21.31146	1874.6470	21.31146	1867.6430	
21.38598	1878.0800	21.38598	1875.6390	21.38598	1863.2320	
21.46049	1875.6600	21.46049	1875.0220	21.46049	1862.6540	
21.53501	1878.4520	21.53501	1875.0850	21.53501	1868.8380	
21.60952	1878.0020	21.60952	1869.0440	21.60952	1869.9710	
21.68404	1873.8750	21.68404	1875.9220	21.68404	1868.7130	
21.75856	1876.8880	21.75856	1875.3800	21.75856	1873.6540	
21.83307	1874.5750	21.83307	1872.5750	21.83307	1871.2490	
21.90759	1872.2060	21.90759	1871.9670	21.90759	1865.9770	
21.98210	1876.7890	21.98210	1870.2000	21.98210	1873.3290	
22.05662	1878.1160	22.05662	1875.6750	22.05662	1867.8720	
22.13113	1879.3230	22.13113	1869.3540	22.13113	1872.9420	
22.20565	1873.9550	22.20565	1869.8600	22.20565	1861.4080	
22.28016	1876.8670	22.28016	1869.5270	22.28016	1873.7020	
22.35468	1876.3180	22.35468	1872.8820	22.35468	1871.5320	
22.42920	1875.0130	22.42920	1870.7510	22.42920	1870.7040	
22.50371	1880.9260	22.50371	1874.9240	22.50371	1869.8450	
22.57823	1875.8620	22.57823	1871.3950	22.57823	1865.0860	
22.65274	1874.2320	22.65274	1876.4640	22.65274	1870.4180	
22.72726	1871.6540	22.72726	1872.5810	22.72726	1875.4330	
22.80177	1872.9060	22.80177	1872.6970	22.80177	1868.0780	
22.87629	1875.7670	22.87629	1873.3500	22.87629	1872.3490	
22.95080	1878.7680	22.95080	1867.0980	22.95080	1862.3260	
23.02532	1867.8780	23.02532	1871.2970	23.02532	1869.2820	
23.09984	1875.1000	23.09984	1876.0590	23.09984	1873.0880	
23.17435	1870.9540	23.17435	1875.3980	23.17435	1871.3650	
23.24887	1874.2530	23.24887	1878.5540	23.24887	1864.3770	
23.32338	1872.8170	23.32338	1873.9340	23.32338	1865.9710	
23.39790	1871.7080	23.39790	1866.1320	23.39790	1868.2930	
23.47241	1876.2230	23.47241	1873.1330	23.47241	1872.5400	
23.54693	1873.0460	23.54693	1879.1440	23.54693	1872.6110	
23.62145	1871.8990	23.62145	1868.2420	23.62145	1868.9220	
23.69596	1877.8710	23.69596	1860.7710	23.69596	1861.5280	
23.77048	1869.8420	23.77048	1877.6450	23.77048	1869.0470	
23.84499	1874.0950	23.84499	1867.5740	23.84499	1863.8190	
23.91951	1875.1800	23.91951	1878.4520	23.91951	1871.4550	
23.99402	1880.5090	23.99402	1875.4120	23.99402	1868.3460	
24.06854	1873.8480	24.06854	1872.1520	24.06854	1870.4410	
24.14305	1872.7750	24.14305	1866.5820	24.14305	1864.6480	
24.21757	1874.2320	24.21757	1870.0330	24.21757	1869.9910	
24.29209	1868.7810	24.29209	1873.2940	24.29209	1862.5410	
24.36660	1878.2050	24.36660	1866.8380	24.36660	1868.1320	
24.44112	1873.5860	24.44112	1869.8330	24.44112	1863.4650	
24.51563	1874.0330	24.51563	1872.4860	24.51563	1872.6350	
24.59015	1866.5760	24.59015	1874.6200	24.59015	1870.1400	
24.66466	1872.2000	24.66466	1870.8680	24.66466	1870.2150	
24.73918	1865.4410	24.73918	1869.4490	24.73918	1865.5660	
24.81369	1873.2520	24.81369	1870.3610	24.81369	1862.1530	
24.88821	1879.0160	24.88821	1870.4500	24.88821	1867.6070	
24.96273	1870.2090	24.96273	1867.5060	24.96273	1867.7290	
25.03724	1867.5570	25.03724	1878.0200	25.03724	1867.8040	
25.11176	1874.1880	25.11176	1865.8640	25.11176	1868.4690	
25.18627	1870.3700	25.18627	1864.4450	25.18627	1867.7650	
25.26079	1867.0200	25.26079	1874.6970	25.26079	1862.6120	
25.33530	1868.2690	25.33530	1869.9080	25.33530	1864.0910	
25.40982	1867.9680	25.40982	1869.7830	25.40982	1867.1870	
25.48434	1872.1670	25.48434	1874.1880	25.48434	1859.5370	
25.55885	1867.9950	25.55885	1868.9070	25.55885	1870.9300	
25.63337	1869.5500	25.63337	1866.7790	25.63337	1871.2130	
25.70788	1874.6610	25.70788	1871.9050	25.70788	1862.6690	
25.78240	1865.9060	25.78240	1869.7890	25.78240	1874.2000	
25.85691	1873.1030	25.85691	1873.1800	25.85691	1866.5400	
25.93143	1875.1110	25.93143	1867.2730	25.93143	1867.1750	
26.00594	1875.5730	26.00594	1870.6080	26.00594	1861.5990	
26.08046	1875.1080	26.08046	1872.9360	26.08046	1864.3350	
26.15498	1871.4760	26.15498	1872.8200	26.15498	1864.3380	
26.22949	1869.5380	26.22949	1873.8660	26.22949	1868.8770	
26.30401	1873.1950	26.30401	1870.9300	26.30401	1861.7840	
26.37852	1866.7190	26.37852	1869.1150	26.37852	1869.7170	
26.45304	1869.8810	26.45304	1865.2200	26.45304	1867.7410	
26.52755	1865.7590	26.52755	1872.3070	26.52755	1868.7610	
26.60207	1869.7380	26.60207	1873.9610	26.60207	1870.8410	
26.67658	1870.7420	26.67658	1862.3800	26.67658	1867.0230	
26.75110	1867.2380	26.75110	1869.6460	26.75110	1870.4320	
26.82562	1871.3060	26.82562	1857.9990	26.82562	1866.6860	
26.90013	1870.7990	26.90013	1870.7630	26.90013	1864.9100	
26.97465	1861.1580	26.97465	1860.2550	26.97465	1864.6120	
27.04916	1874.9150	27.04916	1870.9510	27.04916	1865.8700	
27.12368	1874.1130	27.12368	1865.8940	27.12368	1872.8580	
27.19819	1870.8170	27.19819	1871.0850	27.19819	1862.0850	
27.27271	1871.4760	27.27271	1873.2910	27.27271	1873.0340	
27.34723	1869.6640	27.34723	1866.2750	27.34723	1861.8580	
27.42174	1875.3470	27.42174	1867.5510	27.42174	1870.7750	
27.49626	1863.3630	27.49626	1861.7150	27.49626	1873.8330	
27.57077	1869.7530	27.57077	1858.6730	27.57077	1865.5960	
27.64529	1861.1760	27.64529	1868.4270	27.64529	1859.4890	
27.71980	1871.3620	27.71980	1874.1790	27.71980	1864.9400	
27.79432	1870.5220	27.79432	1870.4860	27.79432	1865.4320	
27.86883	1874.3900	27.86883	1866.5790	27.86883	1867.0530	
27.94335	1871.5530	27.94335	1865.9140	27.94335	1864.2220	
28.01787	1867.0980	28.01787	1862.8660	28.01787	1863.8340	
28.09238	1867.0050	28.09238	1870.0480	28.09238	1862.8180	
28.16690	1873.8450	28.16690	1865.8070	28.16690	1861.8550	
28.24141	1862.9430	28.24141	1867.1690	28.24141	1872.5600	
28.31593	1866.2840	28.31593	1864.7280	28.31593	1866.0900	
28.39044	1869.2340	28.39044	1871.9700	28.39044	1864.3380	
28.46496	1867.2700	28.46496	1869.2460	28.46496	1864.8360	
28.53947	1869.4310	28.53947	1864.0190	28.53947	1863.9770	
28.61399	1863.1460	28.61399	1868.1970	28.61399	1871.1860	
28.68851	1873.1530	28.68851	1864.4630	28.68851	1858.7710	
28.76302	1871.0110	28.76302	1866.3500	28.76302	1863.1850	
28.83754	1871.7500	28.83754	1862.4130	28.83754	1861.7570	
28.91205	1870.2390	28.91205	1866.9690	28.91205	1861.9240	
28.98657	1864.7610	28.98657	1868.6090	28.98657	1858.8600	
29.06108	1858.7410	29.06108	1857.7900	29.06108	1868.5760	
29.13560	1870.5220	29.13560	1864.0910	29.13560	1872.4710	
29.21012	1871.5470	29.21012	1865.7570	29.21012	1868.1110	
29.28463	1869.6460	29.28463	1861.4770	29.28463	1870.7160	
29.35915	1867.8100	29.35915	1863.3190	29.35915	1867.3900	
29.43366	1872.6620	29.43366	1865.0500	29.43366	1869.1240	
29.50818	1874.6530	29.50818	1857.1170	29.50818	1871.4370	
29.58269	1862.8900	29.58269	1866.5130	29.58269	1872.1820	
29.65721	1871.8300	29.65721	1867.1570	29.65721	1864.6990	
29.73172	1873.9460	29.73172	1856.6130	29.73172	1866.7280	
29.80624	1867.9620	29.80624	1865.9890	29.80624	1865.7590	
29.88076	1861.6880	29.88076	1865.1550	29.88076	1861.4500	
29.95527	1857.5580	29.95527	1860.4130	29.95527	1861.8320	
30.02979	1865.4730	30.02979	1869.5980	30.02979	1866.3290	
30.10430	1871.7560	30.10430	1873.2460	30.10430	1867.7740	
30.17882	1868.8140	30.17882	1868.7810	30.17882	1864.9040	
30.25333	1873.8270	30.25333	1862.2130	30.25333	1867.0530	
30.32785	1869.6010	30.32785	1866.4870	30.32785	1859.3490	
30.40236	1871.1980	30.40236	1870.0540	30.40236	1861.1430	
30.47688	1869.6550	30.47688	1870.4060	30.47688	1864.8830	
30.55140	1870.3820	30.55140	1860.1510	30.55140	1873.3920	
30.62591	1883.6710	30.62591	1869.4790	30.62591	1885.0210	
30.70043	1897.7490	30.70043	1887.2950	30.70043	1893.4010	
30.77494	1898.5720	30.77494	1895.0700	30.77494	1897.2370	
30.84946	1906.8120	30.84946	1905.8530	30.84946	1913.4670	
30.92397	1912.1680	30.92397	1903.3670	30.92397	1908.1150	
30.99849	1913.1210	30.99849	1909.8100	30.99849	1912.6590	
31.07301	1924.6520	31.07301	1915.8150	31.07301	1912.7250	
31.14752	1925.2570	31.14752	1916.3700	31.14752	1921.3470	
31.22204	1917.0170	31.22204	1917.4610	31.22204	1925.4600	
31.29655	1917.9400	31.29655	1917.6100	31.29655	1927.1730	
31.37107	1926.6550	31.37107	1923.8650	31.37107	1923.8500	
31.44558	1932.8300	31.44558	1925.4620	31.44558	1916.4090	
31.52010	1936.9130	31.52010	1924.3150	31.52010	1922.5750	
31.59461	1937.3390	31.59461	1936.7310	31.59461	1930.6210	
31.66913	1938.5930	31.66913	1938.6530	31.66913	1931.5570	
31.74365	1941.3530	31.74365	1930.6090	31.74365	1936.3850	
31.81816	1941.5530	31.81816	1937.7800	31.81816	1937.1150	
31.89268	1943.5170	31.89268	1938.9720	31.89268	1946.7150	
31.96719	1946.6340	31.96719	1942.5960	31.96719	1939.5860	
32.04171	1944.4850	32.04171	1944.3450	32.04171	1944.7120	
32.11622	1953.2080	32.11622	1948.6990	32.11622	1945.3940	
32.19074	1949.2810	32.19074	1950.3000	32.19074	1944.3040	
32.26525	1949.8800	32.26525	1951.0210	32.26525	1941.3170	
32.33977	1957.9920	32.33977	1955.0680	32.33977	1945.6420	
32.41429	1954.7790	32.41429	1960.6440	32.41429	1946.5600	
32.48880	1956.8770	32.48880	1955.7800	32.48880	1947.6350	
32.56332	1963.1890	32.56332	1951.2650	32.56332	1956.7880	
32.63783	1959.9650	32.63783	1955.9920	32.63783	1954.4330	
32.71235	1959.2850	32.71235	1953.5360	32.71235	1959.8340	
32.78686	1958.3280	32.78686	1958.4480	32.78686	1966.7980	
32.86138	1962.8020	32.86138	1955.0230	32.86138	1957.7150	
32.93590	1969.3760	32.93590	1965.3560	32.93590	1961.2100	
33.01041	1964.3960	33.01041	1956.8120	33.01041	1960.9510	
33.08493	1960.4740	33.08493	1968.2970	33.08493	1962.5400	
33.15944	1970.9230	33.15944	1961.8300	33.15944	1964.0060	
33.23396	1967.6450	33.23396	1972.2220	33.23396	1962.3970	
33.30847	1967.1200	33.30847	1964.9860	33.30847	1961.0550	
33.38299	1974.8210	33.38299	1970.9140	33.38299	1964.4200	
33.45750	1968.6730	33.45750	1972.5260	33.45750	1964.7420	
33.53202	1971.0270	33.53202	1970.6430	33.53202	1965.7790	
33.60654	1964.5210	33.60654	1971.9120	33.60654	1975.2950	
33.68105	1973.3730	33.68105	1974.7260	33.68105	1977.1720	
33.75557	1976.5080	33.75557	1973.3430	33.75557	1975.1790	
33.83008	1977.7770	33.83008	1971.0420	33.83008	1972.7500	
33.90460	1978.0130	33.90460	1975.9330	33.90460	1985.2820	
33.97911	1978.7070	33.97911	1972.3530	33.97911	1979.8430	
34.05363	1976.8150	34.05363	1971.0180	34.05363	1978.8560	
34.12814	1983.5710	34.12814	1979.4460	34.12814	1979.3030	
34.20266	1970.8400	34.20266	1970.7620	34.20266	1979.1420	
34.27718	1973.1430	34.27718	1982.2240	34.27718	1977.6310	
34.35169	1983.4700	34.35169	1981.4940	34.35169	1981.7290	
34.42621	1987.9280	34.42621	1986.8730	34.42621	1986.5270	
34.50072	1990.4290	34.50072	1978.1560	34.50072	1979.5510	
34.57524	1983.1420	34.57524	1983.1300	34.57524	1980.9570	
34.64975	1982.0870	34.64975	1988.1160	34.64975	1987.0400	
34.72427	1986.3460	34.72427	1981.8660	34.72427	1983.8630	
34.79879	1987.8860	34.79879	1988.4970	34.79879	1987.3590	
34.87330	1984.3190	34.87330	1992.0890	34.87330	1989.3970	
34.94782	1994.0910	34.94782	1991.3820	34.94782	1992.3840	
35.02233	1990.9500	35.02233	1986.9570	35.02233	1982.9270	
35.09685	1999.1550	35.09685	1994.3360	35.09685	1986.6290	
35.17136	1994.0730	35.17136	1994.4130	35.17136	1994.1870	
35.24588	1991.0750	35.24588	2000.4120	35.24588	1997.1700	
35.32039	1994.1420	35.32039	1993.8530	35.32039	1992.7680	
